resolution=[320 240]
cx=188.30225
cy=85.66158
fx=1783.32274
fy=2803.82717
dist=[2.370470e+00 -2.516852e+03 3.243889e-02 -3.250104e-01 -2.687287e+01]